Maßnahme                                            ;Jahr                                                             ;                            ;2022       ;2021       ;2020         ;2019         ;2018         ;2017         ;2016         ;2015         ;2014         ;2013         ;2012         ;2011         ;2010         ;
Übergreifende Kennzahlen                            ;Kennzahl                                                         ;                            ;           ;           ;             ;             ;             ;             ;             ;             ;             ;             ;             ;             ;             ;
Grunddaten                                          ;Einwohnerzahl*                                                   ;Anzahl                      ;306.502,00 ;308.436,00 ;299.785,00   ;304.411,00   ;305.616,00   ;305.220,00   ;304.619,00   ;307.263,00   ;299.482,00   ;293.142,00   ;289.655,00   ;285.688,00   ;283.048,00   ;
                                                    ;Anzahl Haushalte                                                 ;Anzahl                      ;172.687,00 ;171.448,00 ;172.567,00   ;174.275,00   ;173.856,00   ;173.144,00   ;173.996,00   ;180.035,00   ;175.470,00   ;172.469,00   ;172.877,00   ;166.178,00   ;163.444,00   ;
                                                    ;                                                                 ;                            ;           ;           ;             ;             ;             ;             ;             ;             ;             ;             ;             ;             ;             ;
                                                    ;                                                                 ;                            ;           ;           ;             ;             ;             ;             ;             ;             ;             ;             ;             ;             ;             ;
Energieverbrauch BICO2BW                            ;gesamt                                                           ;                            ;           ;           ;8.034,00     ;8.475,34     ;8.514,75     ;8.449,34     ;8.377,77     ;8.195,54     ;8.403,50     ;8.471,21     ;8.453,00     ;8.408,37     ;8.420,90     ;
Energieverbrauch nach Energieträgern                ;Erdgas                                                           ;GWh                         ;           ;           ;1.563,00     ;1.584,47     ;1.585,19     ;1.535,93     ;1.555,19     ;1.521,35     ;1.540,47     ;1.626,17     ;1.564,85     ;1.612,08     ;1.918,58     ;
                                                    ;Fernwärme                                                        ;GWh                         ;           ;           ;905,00       ;872,26       ;876,57       ;827,48       ;786,51       ;817,25       ;795,41       ;789,93       ;757,21       ;760,17       ;748,16       ;
                                                    ;Heizöl                                                           ;GWh                         ;           ;           ;542,00       ;571,75       ;613,23       ;762,20       ;713,68       ;635,39       ;697,65       ;594,78       ;608,27       ;621,44       ;615,28       ;
                                                    ;Kohle                                                            ;GWh                         ;           ;           ;42,00        ;88,10        ;61,33        ;86,73        ;86,97        ;138,06       ;183,23       ;253,51       ;245,91       ;298,31       ;381,75       ;
                                                    ;Sonstige                                                         ;GWh                         ;           ;           ;1.495,00     ;1.418,06     ;1.361,25     ;1.203,99     ;1.220,60     ;1.032,07     ;1.138,67     ;1.078,06     ;1.128,60     ;1.115,83     ;599,87       ;
                                                    ;Strom                                                            ;GWh                         ;           ;           ;1.501,00     ;1.642,94     ;1.706,04     ;1.735,41     ;1.731,30     ;1.829,75     ;1.822,91     ;1.897,63     ;1.921,67     ;1.778,84     ;1.920,58     ;
                                                    ;Kraftstoffe                                                      ;GWh                         ;           ;           ;1.954,00     ;2.297,78     ;2.311,13     ;2.297,62     ;2.283,52     ;2.221,68     ;2.225,16     ;2.231,15     ;2.226,49     ;2.221,70     ;2.236,69     ;
Energieverbrauch nach Sektoren                      ;Private Haushalte                                                ;GWh                         ;           ;           ;2.067,00     ;2.045,08     ;2.063,85     ;1.993,13     ;1.992,69     ;1.966,02     ;1.987,02     ;2.059,86     ;2.047,99     ;2.044,75     ;2.073,66     ;
                                                    ;Industrie                                                        ;GWh                         ;           ;           ;2.019,00     ;1.791,52     ;1.805,36     ;1.766,15     ;1.777,43     ;1.793,35     ;1.795,15     ;1.806,81     ;1.789,35     ;1.798,44     ;1.776,52     ;
                                                    ;GHD                                                              ;GWh                         ;           ;           ;1.754,00     ;2.103,17     ;2.084,04     ;2.155,59     ;2.088,50     ;1.974,03     ;2.150,47     ;2.119,54     ;2.141,17     ;2.092,78     ;2.082,69     ;
                                                    ;Städtische Stellen                                               ;GWh                         ;           ;           ;207,00       ;205,03       ;218,10       ;204,88       ;201,45       ;205,69       ;211,92       ;213,39       ;209,50       ;213,01       ;211,69       ;
                                                    ;Verkehr                                                          ;GWh                         ;           ;           ;1.987,00     ;2.330,54     ;2.343,40     ;2.329,60     ;2.317,70     ;2.256,46     ;2.258,94     ;2.271,61     ;2.265,00     ;2.259,38     ;2.276,34     ;
CO2-Emissionen BICO2BW                              ;gesamt                                                           ;                            ;           ;           ;2.068.953,00 ;2.351.114,22 ;2.404.871,64 ;2.478.633,78 ;2.509.683,63 ;2.551.016,19 ;2.632.820,64 ;2.701.458,60 ;2.753.281,00 ;2.663.711,37 ;2.752.286,00 ;
CO2-Emissionen nach Energieträgern                  ;Erdgas                                                           ;t                           ;           ;           ;356.359,00   ;361.258,13   ;361.423,09   ;350.190,91   ;354.582,77   ;346.867,64   ;351.228,09   ;370.766,31   ;356.784,84   ;367.554,31   ;437.436,17   ;
                                                    ;Fernwärme                                                        ;t                           ;           ;           ;123.195,00   ;111.100,75   ;115.478,05   ;104.386,68   ;108.303,69   ;125.897,46   ;122.855,32   ;128.437,69   ;116.801,87   ;108.925,84   ;115.196,29   ;
                                                    ;Heizöl                                                           ;t                           ;           ;           ;173.536,00   ;182.959,62   ;196.232,13   ;243.903,15   ;228.378,11   ;203.325,77   ;223.246,50   ;190.328,58   ;194.646,09   ;198.859,65   ;196.890,17   ;
                                                    ;Kohle                                                            ;t                           ;           ;           ;15.212,00    ;32.155,51    ;22.387,08    ;31.655,97    ;31.743,46    ;50.390,40    ;66.879,40    ;92.532,01    ;89.758,68    ;108.884,81   ;139.340,12   ;
                                                    ;Sonstige                                                         ;t                           ;           ;           ;196.421,00   ;187.435,27   ;179.354,82   ;158.597,74   ;161.225,94   ;134.803,88   ;149.302,64   ;142.768,38   ;149.540,91   ;146.913,27   ;107.397,43   ;
                                                    ;Strom                                                            ;t                           ;           ;           ;592.152,00   ;785.323,20   ;835.276,65   ;865.272,96   ;905.471,30   ;988.064,72   ;1.017.183,46 ;1.081.647,77 ;1.116.490,44 ;1.013.936,88 ;1.062.080,38 ;
                                                    ;Kraftstoffe                                                      ;t                           ;           ;           ;612.078,00   ;690.881,74   ;694.719,82   ;724.626,37   ;719.978,36   ;701.666,32   ;702.125,23   ;694.977,86   ;729.258,17   ;718.636,62   ;693.945,43   ;
CO2-Emissionen Energieverbrauch nach Sektoren       ;Private Haushalte                                                ;t                           ;           ;           ;518.287,00   ;548.420,65   ;561.778,96   ;548.521,95   ;565.495,80   ;572.891,99   ;590.694,14   ;617.978,63   ;623.056,39   ;615.907,84   ;621.908,22   ;
                                                    ;Industrie                                                        ;t                           ;           ;           ;393.510,00   ;574.849,03   ;589.445,62   ;593.283,46   ;625.926,32   ;652.768,53   ;669.439,14   ;696.407,14   ;699.989,68   ;685.697,68   ;667.749,78   ;
                                                    ;GHD                                                              ;t                           ;           ;           ;490.584,00   ;474.108,68   ;491.064,60   ;546.824,23   ;529.920,14   ;551.373,46   ;596.597,16   ;610.129,58   ;621.302,85   ;565.809,91   ;689.428,34   ;
                                                    ;Städtische Stellen                                               ;t                           ;           ;           ;41.595,00    ;47.192,37    ;52.066,10    ;49.435,73    ;50.486,18    ;53.535,16    ;55.117,30    ;58.898,56    ;57.304,42    ;56.184,32    ;57.325,59    ;
                                                    ;Verkehr                                                          ;t                           ;           ;           ;624.977,00   ;706.543,50   ;710.516,36   ;740.568,41   ;737.855,18   ;720.447,04   ;720.972,90   ;718.044,68   ;751.627,66   ;740.111,63   ;715.874,06   ;
Weiterer Ausbau und Verdichtung des Fernwärmenetzes ;"Fernwärmebeheizte Wohnungen*
                                                     "                                                                ;Anzahl                      ;42.606,00  ;41.684,00  ;39.692,00    ;36.475,00    ;35.038,00    ;34.002,00    ;33.474,00    ;32.327,00    ;30.358,00    ;26.439,00    ;25.795,00    ;23.937,00    ;23.581,00    ;Stadtwerke (UE)
                                                    ;Anteil fernwärmebeheizter Wohnungen*                             ;%                           ;26,80      ;26,30      ;25,10        ;23,10        ;22,20        ;21,70        ;21,40        ;20,80        ;19,60        ;17,10        ;16,70        ;16,30        ;16,10        ;
Wärmepumpen                                         ;Anzahl anzeige- und bewilligungspflichtiger Anlagen*             ;Anzal                       ;360,00     ;318,00     ;303,00       ;278,00       ;261,00       ;252,00       ;238,00       ;225,00       ;216,00       ;203,00       ;189,00       ;183,00       ;156,00       ;UA
                                                    ;Erzeugungsleistung anzeige- und bewilligungspflichtiger Anlagen* ;kW                          ;9.114,00   ;8.505,00   ;7.276,00     ;6.759,00     ;6.429,00     ;6.304,00     ;6.089,00     ;5.760,00     ;5.655,00     ;5.350,00     ;5.040,00     ;4.950,00     ;3.650,00     ;UA
PV Ausbau                                           ;"Installierte Leistung
                                                     "                                                                ;kWp                         ;53.827,09  ;46.027,95  ;39.749,02    ;37.092,54    ;35.047,90    ;33.460,83    ;32.643,84    ;30.054,95    ;27.720,87    ;26.720,00    ;25.279,00    ;18.214,00    ;13.752,00    ;Stadtwerke Karlsruhe
                                                    ;"Einwohnerbezogene installierte Leistung
                                                     "                                                                ;kWp/TEW                     ;175,62     ;149,23     ;132,59       ;121,85       ;114,68       ;109,63       ;107,16       ;97,82        ;92,56        ;91,15        ;87,27        ;63,75        ;48,59        ;Bundesnetzagentur/Wattbewerb
jährlicher Zubau PV                                 ;                                                                 ;kWpeak                      ;7.799,14   ;6.278,93   ;2.656,48     ;2.044,64     ;1.587,07     ;816,99       ;2.588,89     ;2.334,07     ;1.000,87     ;1.441,00     ;7.065,00     ;4.462,00     ;6.022,00     ;
Ausbau PV auf städt. Gebäuden                       ;"Installierte Leistung auf städt. Dächern
                                                     "                                                                ;kWp                         ;1.699,62   ;1.596,62   ;1.072,96     ;803,55       ;734,43       ;611,26       ;474,26       ;187,18       ;182,00       ;136,00       ;80,00        ;28,00        ;28,00        ;"HGW
                                                                                                                                                                                                                                                                                                                                      DRV-Dienststellen"
Ausbau PV auf städt. Gebäuden                       ;Zubau an Leistung                                                ;kWp pro Jahr                ;103,00     ;523,66     ;269,41       ;69,12        ;123,17       ;137,00       ;287,08       ;5,18         ;46,00        ;56,00        ;52,00        ;0,00         ;             ;
Anzahl PKW                                          ;zugelassene PKW                                                  ;Anzahl                      ;141.504,00 ;142.078,00 ;141.949,00   ;141.805,00   ;140.712,00   ;139.186,00   ;137.811,00   ;135.651,00   ;134.706,00   ;134.780,00   ;133.429,00   ;131.995,00   ;130.478,00   ;
Carsharing                                          ;Angemeldete Carsharing-Nutzer*                                   ;Anzahl                      ;18.081,00  ;16.357,00  ;14.522,00    ;13.087,00    ;11.744,00    ;10.505,00    ;9.448,00     ;8.538,00     ;7.260,00     ;6.071,00     ;5.315,00     ;4.541,00     ;3.906,00     ;Stadtmobil
                                                    ;Anteil Carsharingnutzer*                                         ;Anzahl/1.000 EW             ;58,99      ;53,03      ;48,44        ;42,99        ;38,43        ;37,00        ;33,00        ;30,00        ;28,00        ;25,00        ;22,00        ;20,00        ;18,00        ;Stadtmobil
                                                    ;Anzahl ausgewiesener Carsharing-Stellplätze im öffentl. Raum     ;Anzahl                      ;122,00     ;68,00      ;37,00        ;             ;             ;             ;             ;             ;             ;             ;             ;             ;             ;OA
                                                    ;                                                                 ;Anzahl Fahrzeuge Stadtmobil ;1.391,00   ;1.194,00   ;1.041,00     ;977,00       ;854,00       ;780,00       ;716,00       ;670,00       ;             ;             ;             ;             ;             ;
                                                    ;                                                                 ;Anzahl E-Mobile Stadtmobil  ;84,00      ;37,00      ;22,00        ;             ;             ;             ;             ;             ;             ;             ;             ;             ;             ;